$ANSIBLE_VAULT;1.1;AES256
30643933396461353331323164666465663139316230653038353534623563383930653866653162
6231626161666463393163323933363063616165393962300a353665313338643535393062303630
37656664393963663132643037313433613361373537643162643631326263316366363338613730
6435623763646536390a366235623331616363663962346638356265373830323631613437663433
31306236623533373465306138323438303931666661623335336636626233306631366637653930
30366264653163643036666531326363613764313437643038393834626239336661386666356265
37653931643630396665626435326431663161386133376539303461306433353563383364663736
38653263646333363033633637643739313966333931366630346632666161663939613836336535
66333538393336363538383066356139393265616136316166356561666539643138613566336238
66366238393666303365616363626238346465386165313736313466636165326465626262333839
37376231643462373836653733663635393438316463353538363436363531656565383231353364
37376539393262323238333562666433616639323438656264626235616336646664613334383432
33663966303233356165306166653037343633623763303737363063303934356131383931646231
32623362316634383765626130336463626236393731356634636365313437653031643833656638
35373535303362383432663364646565326538633165333332333566613466336336366465346566
63376365663662613837393561383935326264303933613839646135646535666235316161373637
37373834323535306533653564646538616136366531313638663931306338653466373831346565
62613331636236306365666130633462653435623562366338643237666432633361396336323035
33313739643962633038613438386462363337333538636533666664626261336435646238336563
32373430393537653433323737326137333637653837303131376436303334383334313835613965
63613233643133646335653861636232363137356366343432643063353161353630646135656137
33356439623933363332393362373832616333633265323161316565313537336239376561643738
31366139386166373931666666356633366137346631343561653762373761643935396565396537
39383133356664356436
